Zoznam uzlov s id a súradnicami x a y: [{'id': 0, 'x': 266.0, 'y': 235.0}, {'id': 1, 'x': 295.0, 'y': 272.0}, {'id': 2, 'x': 301.0, 'y': 258.0}, {'id': 3, 'x': 309.0, 'y': 260.0}, {'id': 4, 'x': 217.0, 'y': 274.0}, {'id': 5, 'x': 218.0, 'y': 278.0}, {'id': 6, 'x': 282.0, 'y': 267.0}, {'id': 7, 'x': 242.0, 'y': 249.0}, {'id': 8, 'x': 230.0, 'y': 262.0}, {'id': 9, 'x': 249.0, 'y': 268.0}, {'id': 10, 'x': 256.0, 'y': 267.0}, {'id': 11, 'x': 265.0, 'y': 257.0}, {'id': 12, 'x': 267.0, 'y': 242.0}, {'id': 13, 'x': 259.0, 'y': 265.0}, {'id': 14, 'x': 315.0, 'y': 233.0}, {'id': 15, 'x': 329.0, 'y': 252.0}, {'id': 16, 'x': 318.0, 'y': 252.0}, {'id': 17, 'x': 329.0, 'y': 224.0}, {'id': 18, 'x': 267.0, 'y': 213.0}, {'id': 19, 'x': 275.0, 'y': 192.0}, {'id': 20, 'x': 303.0, 'y': 201.0}, {'id': 21, 'x': 208.0, 'y': 217.0}, {'id': 22, 'x': 326.0, 'y': 181.0}, {'id': 23, 'x': 229.0, 'y': 198.0}, {'id': 24, 'x': 229.0, 'y': 230.0}, {'id': 25, 'x': 229.0, 'y': 262.0}, {'id': 26, 'x': 269.0, 'y': 198.0}, {'id': 27, 'x': 269.0, 'y': 230.0}, {'id': 28, 'x': 269.0, 'y': 262.0}, {'id': 29, 'x': 309.0, 'y': 198.0}, {'id': 30, 'x': 309.0, 'y': 230.0}, {'id': 31, 'x': 309.0, 'y': 262.0}]
Zoznam s id a požiadavkami zákazníkov: [0, 125, 84, 60, 500, 300, 175, 350, 150, 1100, 4100, 225, 300, 250, 500, 150, 100, 250, 120, 600, 500, 175, 75, 0, 0, 0, 0, 0, 0, 0, 0, 0]
Nabijacie stanice: [True, False, False, False, False, False, False, False, False, False, False, False, False, False, False, False, False, False, False, False, False, False, False, True, True, True, True, True, True, True, True, True]
Matica vzdialenosti: [[0.0, 47.01063709417264, 41.88078318274385, 49.73932046178355, 62.625873247404705, 64.4437739428721, 35.77708763999664, 27.784887978899608, 45.0, 37.12142238654117, 33.52610922848042, 22.02271554554524, 7.0710678118654755, 30.805843601498726, 49.040799340956916, 65.25335240430181, 54.70831746635972, 63.953107821277925, 22.02271554554524, 43.93176527297759, 50.24937810560445, 60.728905802755904, 80.72174428244226, 52.32590180780452, 37.33630940518894, 45.803929962395145, 37.12142238654117, 5.830951894845301, 27.16615541441225, 56.72741841473134, 43.289721643826724, 50.774009099144415], [47.01063709417264, 0.0, 15.231546211727817, 18.439088914585774, 78.02563681252464, 77.23341245859851, 13.92838827718412, 57.77542730261716, 65.76473218982953, 46.17358552246078, 39.319206502675, 33.54101966249684, 41.036569057366385, 36.6742416417845, 43.829214001622255, 39.44616584663204, 30.479501308256342, 58.82176467941097, 65.30696746902278, 82.46211251235322, 71.449282711585, 102.9271587094485, 96.13532129243653, 99.15644204992432, 78.23042886243178, 66.75327707311455, 78.43468620451031, 49.39635614091387, 27.85677655436824, 75.31268153505093, 44.27188724235731, 17.204650534085253], [41.88078318274385, 15.231546211727817, 0.0, 8.246211251235321, 85.5102333057278, 85.37564055396598, 21.02379604162864, 59.682493245507096, 71.11258679024411, 52.952809179494906, 45.89117562233506, 36.013886210738214, 37.57658845611187, 42.579337712087536, 28.653097563788805, 28.635642126552707, 18.027756377319946, 44.04543109109048, 56.4003546088143, 70.9365914038728, 57.0350769263968, 101.6366075781753, 80.95677859203639, 93.72299611087985, 77.25283166331187, 72.11102550927978, 68.0, 42.5205832509386, 32.2490309931942, 60.530983801686226, 29.120439557122072, 8.94427190999916], [49.73932046178355, 18.439088914585774, 8.246211251235321, 0.0, 93.05912099305473, 92.76313923105448, 27.892651361962706, 67.89698078707183, 79.02531240052139, 60.530983801686226, 53.46026561849464, 44.10215414239989, 45.69463863518345, 50.24937810560445, 27.65863337187866, 21.540659228538015, 12.041594578792296, 41.182520563948, 63.0317380372777, 76.02631123499285, 59.30430001273095, 109.77249200050075, 80.8084154033477, 101.21264743103995, 85.44003745317531, 80.02499609497022, 73.78346698278686, 50.0, 40.049968789001575, 62.0, 30.0, 2.0], [62.625873247404705, 78.02563681252464, 85.5102333057278, 93.05912099305473, 0.0, 4.123105625617661, 65.37583651472461, 35.35533905932738, 17.69180601295413, 32.55764119219941, 39.6232255123179, 50.92150822589606, 59.36328831862332, 42.95346318982906, 106.23088063270491, 114.1402645870422, 103.36827366266692, 122.65398485169571, 78.87331614684399, 100.43903623591775, 112.80514172678478, 57.706152185014034, 143.28293687665675, 76.94153624668537, 45.60701700396552, 16.97056274847714, 92.0869154657707, 68.11754546370561, 53.36665625650534, 119.33147112141039, 101.9803902718557, 92.77930803794561], [64.4437739428721, 77.23341245859851, 85.37564055396598, 92.76313923105448, 4.123105625617661, 0.0, 64.93843238021688, 37.64306044943742, 20.0, 32.57299494980466, 39.56008088970496, 51.478150704935004, 60.802960454241045, 43.01162633521314, 106.92988356862641, 114.00438588054409, 103.32473082471591, 123.4382436686459, 81.40024569987489, 103.1746092796091, 114.69088891450794, 61.814237842102365, 145.16542288024377, 80.75270893288967, 49.24428900898052, 19.4164878389476, 94.87360012142472, 70.03570517957252, 53.45091205957107, 121.16517651536682, 102.88342918079665, 92.39588735436226], [35.77708763999664, 13.92838827718412, 21.02379604162864, 27.892651361962706, 65.37583651472461, 64.93843238021688, 0.0, 43.86342439892262, 52.23983154643591, 33.015148038438355, 26.0, 19.72308292331602, 29.154759474226502, 23.08679276123039, 47.38143096192854, 49.33558553417604, 39.0, 63.702433234531945, 56.04462507680822, 75.32595834106593, 69.26037828369117, 89.30845424706443, 96.60227740586657, 87.00574693662483, 64.63745044476924, 53.23532661682466, 70.21395872616783, 39.21734310225516, 13.92838827718412, 74.09453421137081, 45.803929962395145, 27.459060435491963], [27.784887978899608, 57.77542730261716, 59.682493245507096, 67.89698078707183, 35.35533905932738, 37.64306044943742, 43.86342439892262, 0.0, 17.69180601295413, 20.248456731316587, 22.80350850198276, 24.351591323771842, 25.96150997149434, 23.345235059857504, 74.73285756613352, 87.05170877128145, 76.05918747922567, 90.52071586106685, 43.829214001622255, 65.86349520030045, 77.62087348130012, 46.69047011971501, 108.07404868885037, 52.630789467763066, 23.021728866442675, 18.384776310850235, 57.706152185014034, 33.015148038438355, 29.966648127543394, 84.20213774008353, 69.6419413859206, 68.24954212300622], [45.0, 65.76473218982953, 71.11258679024411, 79.02531240052139, 17.69180601295413, 20.0, 52.23983154643591, 17.69180601295413, 0.0, 19.924858845171276, 26.476404589747453, 35.35533905932738, 42.05948168962618, 29.154759474226502, 89.81091247727082, 99.50376877284599, 88.56635930193812, 106.04244433244644, 61.40032573203501, 83.21658488546619, 95.13148795220224, 50.08991914547278, 125.60652849274993, 64.00781202322104, 32.01562118716424, 1.0, 74.94664769020693, 50.44799302251776, 39.0, 101.67103815738285, 85.23496934944014, 79.0], [37.12142238654117, 46.17358552246078, 52.952809179494906, 60.530983801686226, 32.55764119219941, 32.57299494980466, 33.015148038438355, 20.248456731316587, 19.924858845171276, 0.0, 7.0710678118654755, 19.4164878389476, 31.622776601683793, 10.44030650891055, 74.70609078247904, 81.58431221748455, 70.83078426785913, 91.30169768410661, 57.87054518492115, 80.32434251209281, 86.05230967266364, 65.43699259593154, 116.18089343777659, 72.80109889280519, 42.941821107167776, 20.8806130178211, 72.80109889280519, 42.941821107167776, 20.8806130178211, 92.19544457292888, 71.02112361825881, 60.29925372672534], [33.52610922848042, 39.319206502675, 45.89117562233506, 53.46026561849464, 39.6232255123179, 39.56008088970496, 26.0, 22.80350850198276, 26.476404589747453, 7.0710678118654755, 0.0, 13.45362404707371, 27.313000567495326, 3.605551275463989, 68.09552114493287, 74.52516353554684, 63.788713735268246, 84.72307831990054, 55.10898293381942, 77.3692445355388, 81.02468759581859, 69.31089380465383, 110.8873302050329, 74.09453421137081, 45.803929962395145, 27.459060435491963, 70.21395872616783, 39.21734310225516, 13.92838827718412, 87.00574693662483, 64.63745044476924, 53.23532661682466], [22.02271554554524, 33.54101966249684, 36.013886210738214, 44.10215414239989, 50.92150822589606, 51.478150704935004, 19.72308292331602, 24.351591323771842, 35.35533905932738, 19.4164878389476, 13.45362404707371, 0.0, 15.132745950421556, 10.0, 55.46169849544819, 64.19501538281614, 53.23532661682466, 72.00694410957877, 44.04543109109048, 65.76473218982953, 67.67569726275453, 69.63476143421474, 97.45255255764212, 69.1158447825099, 45.0, 36.345563690772494, 59.135437767890075, 27.294688127912362, 6.4031242374328485, 73.60027173862879, 51.62363799656123, 44.28317965096906], [7.0710678118654755, 41.036569057366385, 37.57658845611187, 45.69463863518345, 59.36328831862332, 60.802960454241045, 29.154759474226502, 25.96150997149434, 42.05948168962618, 31.622776601683793, 27.313000567495326, 15.132745950421556, 0.0, 24.351591323771842, 48.83646178829912, 62.80127387243033, 51.97114584074513, 64.5600495662759, 29.0, 50.635955604688654, 54.56189146281496, 64.07807737440318, 84.86459803710851, 58.137767414994535, 39.84971769034255, 42.941821107167776, 44.04543109109048, 12.165525060596439, 20.09975124224178, 60.8276253029822, 43.68065933568311, 46.51881339845203], [30.805843601498726, 36.6742416417845, 42.579337712087536, 50.24937810560445, 42.95346318982906, 43.01162633521314, 23.08679276123039, 23.345235059857504, 29.154759474226502, 10.44030650891055, 3.605551275463989, 10.0, 24.351591323771842, 0.0, 64.4980619863884, 71.19691004531025, 60.41522986797286, 81.12336284942828, 52.61178575186362, 74.73285756613352, 77.6659513557904, 70.03570517957252, 107.44766167767449, 73.40980860893181, 46.09772228646444, 30.14962686336267, 67.7421582177598, 36.40054944640259, 10.44030650891055, 83.60023923410746, 61.032778078668514, 50.08991914547278], [49.040799340956916, 43.829214001622255, 28.653097563788805, 27.65863337187866, 106.23088063270491, 106.92988356862641, 47.38143096192854, 74.73285756613352, 89.81091247727082, 74.70609078247904, 68.09552114493287, 55.46169849544819, 48.83646178829912, 64.4980619863884, 0.0, 23.600847442411894, 19.235384061671343, 16.64331697709324, 52.0, 57.28001396647874, 34.17601498127012, 108.18964830333815, 53.150729063673246, 92.84934033152847, 86.05230967266364, 90.75791976461338, 57.8013840664737, 46.09772228646444, 54.378304497290095, 35.510561809129406, 6.708203932499369, 29.614185789921695], [65.25335240430181, 39.44616584663204, 28.635642126552707, 21.540659228538015, 114.1402645870422, 114.00438588054409, 49.33558553417604, 87.05170877128145, 99.50376877284599, 81.58431221748455, 74.52516353554684, 64.19501538281614, 62.80127387243033, 71.19691004531025, 23.600847442411894, 0.0, 11.0, 28.0, 73.24616030891995, 80.72174428244226, 57.245087125446844, 125.96031120952345, 71.06335201775947, 113.64858116140297, 102.39140588936164, 100.4987562112089, 80.72174428244226, 63.90618123468183, 60.8276253029822, 57.584720195551874, 29.732137494637012, 22.360679774997898], [54.70831746635972, 30.479501308256342, 18.027756377319946, 12.041594578792296, 103.36827366266692, 103.32473082471591, 39.0, 76.05918747922567, 88.56635930193812, 70.83078426785913, 63.788713735268246, 53.23532661682466, 51.97114584074513, 60.41522986797286, 19.235384061671343, 11.0, 0.0, 30.083217912982647, 64.20280367709809, 73.81734213584231, 53.16013544000805, 115.43396380615195, 71.449282711585, 104.10091258005379, 91.67878707749138, 89.56003573022959, 72.91776189653656, 53.71219600798314, 50.00999900019995, 54.74486277268398, 23.769728648009426, 13.45362404707371], [63.953107821277925, 58.82176467941097, 44.04543109109048, 41.182520563948, 122.65398485169571, 123.4382436686459, 63.702433234531945, 90.52071586106685, 106.04244433244644, 91.30169768410661, 84.72307831990054, 72.00694410957877, 64.5600495662759, 81.12336284942828, 16.64331697709324, 28.0, 30.083217912982647, 0.0, 62.96824596572466, 62.76941930590086, 34.713109915419565, 121.2023102090055, 43.104524124504614, 103.32473082471591, 100.17983829094555, 106.97663296253066, 65.39113089708727, 60.29925372672534, 71.02112361825881, 32.802438933713454, 20.8806130178211, 42.941821107167776], [22.02271554554524, 65.30696746902278, 56.4003546088143, 63.0317380372777, 78.87331614684399, 81.40024569987489, 56.04462507680822, 43.829214001622255, 61.40032573203501, 57.87054518492115, 55.10898293381942, 44.04543109109048, 29.0, 52.61178575186362, 52.0, 73.24616030891995, 64.20280367709809, 62.96824596572466, 0.0, 22.47220505424423, 37.94733192202055, 59.135437767890075, 67.11929677819934, 40.85339643163099, 41.6293165929973, 62.00806399170998, 15.132745950421556, 17.11724276862369, 49.040799340956916, 44.598206241955516, 45.31004303683677, 64.53681120105021], [43.93176527297759, 82.46211251235322, 70.9365914038728, 76.02631123499285, 100.43903623591775, 103.1746092796091, 75.32595834106593, 65.86349520030045, 83.21658488546619, 80.32434251209281, 77.3692445355388, 65.76473218982953, 50.635955604688654, 74.73285756613352, 57.28001396647874, 80.72174428244226, 73.81734213584231, 62.76941930590086, 22.47220505424423, 0.0, 29.410882339705484, 71.5122367151245, 52.172789842982326, 46.389654018972806, 59.665735560705194, 83.7615663654877, 8.48528137423857, 38.47076812334269, 70.25667228100119, 34.52535300326414, 50.99019513592785, 77.82030583337487], [50.24937810560445, 71.449282711585, 57.0350769263968, 59.30430001273095, 112.80514172678478, 114.69088891450794, 69.26037828369117, 77.62087348130012, 95.13148795220224, 86.05230967266364, 81.02468759581859, 67.67569726275453, 54.56189146281496, 77.6659513557904, 34.17601498127012, 57.245087125446844, 53.16013544000805, 34.713109915419565, 37.94733192202055, 29.410882339705484, 0.0, 96.33794683301072, 30.479501308256342, 74.06078584514209, 79.47955712005447, 95.90099061010788, 34.132096331752024, 44.68780594300866, 69.83552104767315, 6.708203932499369, 29.614185789921695, 61.29437168288782], [60.728905802755904, 102.9271587094485, 101.6366075781753, 109.77249200050075, 57.706152185014034, 61.814237842102365, 89.30845424706443, 46.69047011971501, 50.08991914547278, 65.43699259593154, 69.31089380465383, 69.63476143421474, 64.07807737440318, 70.03570517957252, 108.18964830333815, 125.96031120952345, 115.43396380615195, 121.2023102090055, 59.135437767890075, 71.5122367151245, 96.33794683301072, 0.0, 123.36936410632909, 28.319604517012593, 24.698178070456937, 49.658836071740545, 63.89053137985315, 62.369864518050704, 75.8023746329889, 102.77159140540736, 101.83319694480774, 110.57124400132251], [80.72174428244226, 96.13532129243653, 80.95677859203639, 80.8084154033477, 143.28293687665675, 145.16542288024377, 96.60227740586657, 108.07404868885037, 125.60652849274993, 116.18089343777659, 110.8873302050329, 97.45255255764212, 84.86459803710851, 107.44766167767449, 53.150729063673246, 71.06335201775947, 71.449282711585, 43.104524124504614, 67.11929677819934, 52.172789842982326, 30.479501308256342, 123.36936410632909, 0.0, 98.47842403288143, 108.67382389517726, 126.37246535539299, 59.481089431852205, 75.16648189186454, 99.04544411531506, 24.041630560342615, 51.86520991955976, 82.76472678623425], [52.32590180780452, 99.15644204992432, 93.72299611087985, 101.21264743103995, 76.94153624668537, 80.75270893288967, 87.00574693662483, 52.630789467763066, 64.00781202322104, 72.80109889280519, 74.09453421137081, 69.1158447825099, 58.137767414994535, 73.40980860893181, 92.84934033152847, 113.64858116140297, 104.10091258005379, 103.32473082471591, 40.85339643163099, 46.389654018972806, 74.06078584514209, 28.319604517012593, 98.47842403288143, 0.0, 32.0, 64.0, 40.0, 51.22499389946279, 75.47184905645283, 80.0, 86.16263691415206, 102.44998779892558], [37.33630940518894, 78.23042886243178, 77.25283166331187, 85.44003745317531, 45.60701700396552, 49.24428900898052, 64.63745044476924, 23.021728866442675, 32.01562118716424, 42.941821107167776, 45.803929962395145, 45.0, 39.84971769034255, 46.09772228646444, 86.05230967266364, 102.39140588936164, 91.67878707749138, 100.17983829094555, 41.6293165929973, 59.665735560705194, 79.47955712005447, 24.698178070456937, 108.67382389517726, 32.0, 0.0, 32.0, 51.22499389946279, 40.0, 51.22499389946279, 86.16263691415206, 80.0, 86.16263691415206], [45.803929962395145, 66.75327707311455, 72.11102550927978, 80.02499609497022, 16.97056274847714, 19.4164878389476, 53.23532661682466, 18.384776310850235, 1.0, 20.8806130178211, 27.459060435491963, 36.345563690772494, 42.941821107167776, 30.14962686336267, 90.75791976461338, 100.4987562112089, 89.56003573022959, 106.97663296253066, 62.00806399170998, 83.7615663654877, 95.90099061010788, 49.658836071740545, 126.37246535539299, 64.0, 32.0, 0.0, 75.47184905645283, 51.22499389946279, 40.0, 102.44998779892558, 86.16263691415206, 80.0], [37.12142238654117, 78.43468620451031, 68.0, 73.78346698278686, 92.0869154657707, 94.87360012142472, 70.21395872616783, 57.706152185014034, 74.94664769020693, 72.80109889280519, 70.21395872616783, 59.135437767890075, 44.04543109109048, 67.7421582177598, 57.8013840664737, 80.72174428244226, 72.91776189653656, 65.39113089708727, 15.132745950421556, 8.48528137423857, 34.132096331752024, 63.89053137985315, 59.481089431852205, 40.0, 51.22499389946279, 75.47184905645283, 0.0, 32.0, 64.0, 40.0, 51.22499389946279, 75.47184905645283], [5.830951894845301, 49.39635614091387, 42.5205832509386, 50.0, 68.11754546370561, 70.03570517957252, 39.21734310225516, 33.015148038438355, 50.44799302251776, 42.941821107167776, 39.21734310225516, 27.294688127912362, 12.165525060596439, 36.40054944640259, 46.09772228646444, 63.90618123468183, 53.71219600798314, 60.29925372672534, 17.11724276862369, 38.47076812334269, 44.68780594300866, 62.369864518050704, 75.16648189186454, 51.22499389946279, 40.0, 51.22499389946279, 32.0, 0.0, 32.0, 51.22499389946279, 40.0, 51.22499389946279], [27.16615541441225, 27.85677655436824, 32.2490309931942, 40.049968789001575, 53.36665625650534, 53.45091205957107, 13.92838827718412, 29.966648127543394, 39.0, 20.8806130178211, 13.92838827718412, 6.4031242374328485, 20.09975124224178, 10.44030650891055, 54.378304497290095, 60.8276253029822, 50.00999900019995, 71.02112361825881, 49.040799340956916, 70.25667228100119, 69.83552104767315, 75.8023746329889, 99.04544411531506, 75.47184905645283, 51.22499389946279, 40.0, 64.0, 32.0, 0.0, 75.47184905645283, 51.22499389946279, 40.0], [56.72741841473134, 75.31268153505093, 60.530983801686226, 62.0, 119.33147112141039, 121.16517651536682, 74.09453421137081, 84.20213774008353, 101.67103815738285, 92.19544457292888, 87.00574693662483, 73.60027173862879, 60.8276253029822, 83.60023923410746, 35.510561809129406, 57.584720195551874, 54.74486277268398, 32.802438933713454, 44.598206241955516, 34.52535300326414, 6.708203932499369, 102.77159140540736, 24.041630560342615, 80.0, 86.16263691415206, 102.44998779892558, 40.0, 51.22499389946279, 75.47184905645283, 0.0, 32.0, 64.0], [43.289721643826724, 44.27188724235731, 29.120439557122072, 30.0, 101.9803902718557, 102.88342918079665, 45.803929962395145, 69.6419413859206, 85.23496934944014, 71.02112361825881, 64.63745044476924, 51.62363799656123, 43.68065933568311, 61.032778078668514, 6.708203932499369, 29.732137494637012, 23.769728648009426, 20.8806130178211, 45.31004303683677, 50.99019513592785, 29.614185789921695, 101.83319694480774, 51.86520991955976, 86.16263691415206, 80.0, 86.16263691415206, 51.22499389946279, 40.0, 51.22499389946279, 32.0, 0.0, 32.0], [50.774009099144415, 17.204650534085253, 8.94427190999916, 2.0, 92.77930803794561, 92.39588735436226, 27.459060435491963, 68.24954212300622, 79.0, 60.29925372672534, 53.23532661682466, 44.28317965096906, 46.51881339845203, 50.08991914547278, 29.614185789921695, 22.360679774997898, 13.45362404707371, 42.941821107167776, 64.53681120105021, 77.82030583337487, 61.29437168288782, 110.57124400132251, 82.76472678623425, 102.44998779892558, 86.16263691415206, 80.0, 75.47184905645283, 51.22499389946279, 40.0, 64.0, 32.0, 0.0]]
Problem size: 23
Energy consuption: 1.2
Depo: 0
Poèet zákazníkov (bez depa): 22
Celkový poèet zákazníkov, dobíjacích staníc a depa: 32
Optimum: 573.130948
NUM_OF_STATIONS: 9
Maximálna energia vozidiel: 190
Kapacita vozidiel: 4500
MIN_VEHICLES: 3
evals: 335
current_best: 602.1987380452985
